B291-G009   0 36 04.97 42 02 09.3 0.12  -213.5 14 5.5 -1.2 0.1 14.  x
B295-G014   0 36 46.73 40 19 42.1 0.03  -415.3 26 5.3 -1.7 0.2 14.  x
B422        0 37 38.45 41 59 59.2 0.09  -202.4 18 4.9 -1.2 0.2 14.  x
B301-G022   0 38 21.59 40 03 37.0 0.19  -366.6  7 5.5 -0.9 0.1 14.  x
B167D       0 38 22.48 41 54 35.0 0.11  -196.4 15 5.0 -1.5 0.2 14.  x
B302-G023   0 38 33.5  41 20 52.2 0.05  -394.4 22 5.4 -1.5 0.3 14.  x
B304-G028   0 38 56.94 41 10 28.4 0.14  -405.3 15 5.4 -1.3 0.1 14.  x
B306-G029   0 39 08.70 40 34 21.2 0.57  -443.9  9 6.1 -1.1 0.1 14.  x
B309-G031   0 39 24.62 40 14 29.1 0.20  -404.3 16 5.3 -1.2 0.2 14.  x
B310-G032   0 39 25.75 41 23 33.1 0.13  -238.1 14 5.3 -1.4 0.1 14.  x
B181D       0 39 30.85 41 28 26.4 0.03  -203.7  8 5.0 -1.0 0.1 14.  x
B311-G033   0 39 33.72 40 31 14.7 0.36  -523.4 20 6.2 -1.9 0.2 14.  x
B312-G035   0 39 40.17 40 57 02.4 0.23  -177.5  9 6.1 -1.2 0.1 14.  x
B313-G036   0 39 44.60 40 52 55.2 0.39  -429.5  8 5.9 -1.0 0.1 14.  x
B001-G039   0 39 51.02 40 58 10.6 0.39  -203.3  8 5.7 -0.7 0.1 11.9
B317-G041 j 0 39 55.29 41 47 45.9 0.12  -178.2 16 5.5 -2.1 0.2 14.  x
B002-G043   0 40 02.57 41 11 53.5 0.11  -338.2 14 5.1 -2.2 0.2 14.  x
B003-G045   0 40 09.40 41 11 05.6 0.12  -377.0 11 5.1 -1.6 0.2 14.  x
B004-G050   0 40 17.92 41 22 40.2 0.18  -369.8  6 5.5 -0.7 0.1 12.2
B005-G052   0 40 20.33 40 43 58.3 0.16  -291.6  9 5.9 -0.7 0.1 14.  x
B328-G054 j 0 40 24.52 41 40 23.1 0.16  -281.5 13 5.2 -1.2 0.2 14.  ex
B330-G056 j 0 40 25.58 41 42 53.6 0.12  -247.3 17 5.1 -1.4 0.1 14.  x
B331-G057 j 0 40 26.10 41 42 03.9 0.06  -242.9  8 4.8 -0.8 0.2  5.3
B006-G058   0 40 26.48 41 27 26.7 0.17  -232.4  6 6.0 -0.5 0.1 14.  x
B244        0 40 26.49 41 18 35.5 0.10  -237.8 13 4.8 -1.4 0.2 14.  x
BH04      j 0 40 27.2  41 42 23.9 0.06  -224.6 22 4.2 -0.4 0.6 14.  x
B333      j 0 40 29.58 41 40 26.7 0.10  -239.3  8 4.5 -0.8 0.2  5.3
B008-G060   0 40 30.28 41 16 08.7 0.20  -318.0  4 5.6 -0.8 0.1 13.5
B009-G061 j 0 40 30.70 41 36 55.6 0.10  -294.9 10 5.4 -1.3 0.1 14.  x
B010-G062   0 40 31.56 41 14 22.5 0.19  -164.4 10 5.6 -1.8 0.2 14.  x
B011-G063 j 0 40 31.87 41 39 16.9 0.10  -237.8 13 5.4 -1.2 0.1 14.  x
B012-G064   0 40 32.46 41 21 44.2 0.17  -355.7 11 6.2 -1.7 0.1 14.  x
B013-G065   0 40 38.43 41 25 23.7 0.17  -411.5  6 5.3 -0.5 0.1  9.5
B015-V204   0 40 45.02 40 59 56.3 0.58  -460.0  7 5.6 -0.1 0.2  7.2
B016-G066   0 40 45.16 41 22 09.9 0.27  -388.4  5 5.3 -0.7 0.1 11.1
B336-G067   0 40 47.60 42 08 43.2 0.05  -609.0 27 4.9 -2.5 0.6 14.  x
B337-G068   0 40 48.47 42 12 11.0 0.10  -278.5 14 5.4 -1.2 0.1 14.  x
B017-G070   0 40 48.73 41 12 07.1 0.47  -530.4  6 6.2 -0.8 0.1 11.8
B246        0 40 52.29 40 53 55.9 0.08  -496.8 13 4.7 -0.7 0.3 14.  x
B019-G072   0 40 52.52 41 18 53.8 0.22  -220.4  6 6.3 -0.8 0.1 10.9
B020-G073   0 40 55.26 41 41 25.2 0.11  -345.4  5 6.2 -0.9 0.1  8.6
B338-G076   0 40 58.87 40 35 47.9 0.15  -275.8 12 6.5 -1.1 0.1 14.  x
B021-G075   0 40 58.99 41 05 39.1 0.56  -419.1  7 5.6 -0.5 0.1 12.6
B022-G074   0 40 59.08 41 24 42.0 0.14  -454.4 11 5.2 -1.8 0.2 14.  x
B339-G077   0 41 00.71 39 55 54.2 0.13) -227.1 13 5.4 -0.5 0.2 14.  x
B023-G078   0 41 01.19 41 13 45.7 0.42  -443.9  7 6.9 -0.7 0.1 11.8
B248        0 41 07.94 40 53 01.0 0.30  -570.3 10 5.2 -1.4 0.2 14.  x
B341-G081   0 41 09.15 40 35 52.8 0.20  -364.9  8 5.7 -0.9 0.1 12.4
B024-G082   0 41 11.86 41 45 49.1 0.19  -215.0  5 5.5 -0.6 0.1 14.  x
B025-G084   0 41 12.55 41 00 28.3 0.35  -204.9 15 5.7 -1.4 0.1 14.  x
B249        0 41 12.58 41 01 12.7 0.37  -536.7  9 5.2  0.3 0.2  8.5
B027-G087   0 41 14.54 40 55 50.9 0.19  -302.9 16 6.0 -1.3 0.1 14.  x
B026-G086   0 41 14.55 41 24 40.1 0.28  -250.8  5 5.3 -0.4 0.1 14.  x
B028-G088   0 41 16.50 40 59 03.2 0.20  -414.2 19 5.5 -2.5 0.2 14.  x
B020D-G089  0 41 17.23 41 08 09.1 0.49  -558.0 17 5.6 -2.1 0.2 14.  x
B029-G090   0 41 17.82 41 00 23.0 0.27  -500.0  7 5.7 -0.3 0.1 13.4
B030-G091   0 41 18.74 40 57 15.6 0.65  -390.9  6 5.9 -0.3 0.1 14.  x
B031-G092   0 41 20.93 40 59 04.2 0.31  -310.8  8 5.3 -0.5 0.1 11.5
B032-G093   0 41 21.51 41 17 30.2 0.51  -526.3  7 5.6 -0.7 0.1 12.3
B033-G095   0 41 26.40 41 00 14.0 0.30  -466.5 16 5.3 -1.6 0.3 14.  x
B034-G096   0 41 28.12 40 53 49.6 0.16  -556.5 10 6.0 -0.6 0.1 14.  x
B457-G097   0 41 29.23 42 18 37.1 0.13  -330.0 18 5.4 -1.1 0.2 14.  x
B035        0 41 32.58 41 38 32.7 0.21   -45.7  5 5.3 -0.8 0.1 11.7
B036        0 41 32.83 41 26 05.1 0.25  -506.2  6 5.4 -0.8 0.1 14.  x
B037-V327   0 41 34.98 41 14 55.1 1.61  -322.8 11 7.2 -0.8 0.1 14.  x
B038-G098   0 41 35.95 41 19 14.8 0.40  -183.4  9 5.9 -1.7 0.1 14.  x
B039-G101   0 41 37.87 41 20 50.1 0.60  -246.6  6 6.3 -0.8 0.1  9.0
B042-G104   0 41 41.69 41 07 26.2 0.88  -293.8 12 6.6 -0.9 0.1  6.7
B044-G107   0 41 42.91 41 20 06.2 0.47  -267.6  6 5.8 -0.8 0.1 13.3
B343-G105   0 41 43.10 40 12 22.4 0.15  -356.0 14 5.7 -1.6 0.2 14.  x
B045-G108   0 41 43.11 41 34 20.3 0.18  -419.4  6 5.9 -0.9 0.1 14.  x
B046-G109   0 41 44.60 41 46 27.7 0.18  -351.3  7 5.1 -1.1 0.1 14.  x
B048-G110   0 41 45.53 41 13 30.6 0.36  -234.6 10 5.8 -0.8 0.1 14.  x
B047-G111   0 41 45.56 41 42 04.1 0.16  -294.8  9 5.2 -1.6 0.2 14.  x
B050-G113   0 41 46.28 41 32 18.7 0.25  -109.5  6 5.6 -0.8 0.1 13.5
B051-G114   0 41 46.70 41 25 19.1 0.38  -261.2  6 6.0 -0.8 0.1 14.  x
B054-G115   0 41 47.68 41 00 55.3 0.17  -397.2  8 5.0 -0.2 0.1 10.6
B055-G116   0 41 50.39 41 12 12.4 0.54  -304.9  8 6.0 -0.1 0.1 14.  x
B254        0 41 50.5  41 16 25.9 0.29  -421.0 12 4.9 -0.9 0.2  4.8
B522        0 41 50.95 40 52 48.2 0.11  -390.2 23 4.7 -0.4 0.6  9.1 e
B056-G117   0 41 51.16 40 57 40.2 0.24  -363.7  7 5.4 -0.0 0.1 14.  x
B057-G118   0 41 52.82 40 52 05.1 0.10  -411.1 21 5.1 -2.1 0.3 14.  x
B058-G119   0 41 53.00 40 47 09.7 0.15  -220.2 11 6.2 -1.1 0.1 14.  x
B059-G120   0 41 54.11 41 11 00.7 0.49  -262.1  8 5.7 -1.0 0.1 14.  x
B060-G121   0 41 57.01 41 05 14.5 0.13  -533.2 16 5.5 -1.8 0.1 14.  x
B061-G122   0 42 00.14 41 29 35.7 0.49  -275.2  5 6.0 -0.7 0.1 14.  x
B063-G124   0 42 00.88 41 29 09.5 0.49  -301.6  8 6.3 -0.8 0.1 13.8
B065-G126   0 42 01.93 40 40 13.1 0.17  -417.3 12 5.5 -0.9 0.2 14.  x
B064-G125   0 42 01.93 41 11 07.5 0.17  -302.4 10 5.7 -1.3 0.1 14.  x
B344-G127   0 42 02.97 41 52 02.2 0.13  -240.6  6 5.8 -1.0 0.1 14.  x
B067-G129   0 42 03.19 41 04 23.7 0.08  -356.8 15 5.2 -1.4 0.1 14.  x
B068-G130   0 42 03.21 40 58 50.2 0.45  -319.2  6 6.1 -0.2 0.1 14.  x
B257-V219   0 42 03.28 40 58 13.9 0.66  -476.4  6 5.7 -0.2 0.1 14.  x
B461-G131   0 42 04.24 42 03 26.6 0.10  -296.5  8 5.1 -0.6 0.1 13.7
B041D       0 42 04.72 41 16 47.3 0.64  -208.3 14 5.5 -1.8 0.4 14.  x
B070-G133 d 0 42 06.91 41 07 56.3 0.20  -275.8 22 5.6 -1.9 0.2 14.  x
B071        0 42 07.13 41 12 12.0 0.24  -550.7  8 5.1 -0.2 0.2  6.9
B073-G134   0 42 07.33 40 59 21.3 0.13  -504.0 10 5.8 -0.6 0.1 12.6
B072        0 42 07.44 41 22 47.6 0.78   -85.7  7 5.8 -0.7 0.1 12.0
B074-G135   0 42 08.04 41 43 21.6 0.16  -439.9  9 5.5 -1.5 0.1 14.  x
B075-G136   0 42 08.83 41 20 21.3 0.32  -168.6 11 5.4 -1.3 0.2 14.  x
MITA140     0 42 09.51 41 17 45.6 0.86  -319.4 12 6.3 -0.2 0.1 14.  x
B045D       0 42 09.87 41 21 14.5 0.41  -305.9 13 4.9 -0.3 0.3 14.  x
B076-G138   0 42 10.24 41 05 22.0 0.17  -537.0 14 5.5 -1.3 0.1 14.  x
B077-G139   0 42 11.14 41 07 33.9 0.46  -562.8  7 5.7 -0.8 0.1 14.  ex
B078-G140   0 42 12.17 41 17 58.9 0.43) -259.7 16 5.5 -1.0 0.2 14.  x
B080-G141   0 42 12.40 41 19 00.6 0.72  -255.0 21 5.8 -1.4 0.2 14.  x
B345-G143   0 42 14.12 40 17 36.5 0.19  -368.4 12 5.6 -1.5 0.1 14.  x
B462        0 42 14.72 42 01 36.7 0.13  -214.3 23 4.9 -2.8 0.3 14.  x
B082-G144   0 42 15.84 41 01 14.4 0.94  -370.5  8 6.7 -0.7 0.1 10.3
B083-G146   0 42 16.44 41 45 20.7 0.13  -337.3  6 5.3 -1.1 0.1 14.  x
B084        0 42 17.45 41 18 55.7 0.62  -325.8 10 5.6 -1.1 0.2 14.  x
B085-G147   0 42 18.24 40 39 57.2 0.16  -425.4 12 5.5 -1.7 0.2 14.  x
B086-G148   0 42 18.65 41 14 02.1 0.13  -189.0 19 6.1 -1.8 0.2 14.  ex
B087        0 42 19.81 41 38 16.2 0.24  -369.2  9 4.9 -1.0 0.2 14.  x,near star
B088-G150   0 42 21.07 41 32 14.2 0.53  -489.9 12 6.5 -1.8 0.1 14.  x
B090        0 42 21.08 41 02 57.5 0.15  -399.9  7 4.8 -0.8 0.2 14.  ex
B092-G152   0 42 22.38 41 08 08.7 0.11  -433.7 12 5.4 -1.0 0.1 14.  x
B347-G154   0 42 22.89 41 54 27.5 0.02  -266.4 26 5.4 -2.0 0.2 14.  x
B348-G153   0 42 22.92 41 52 28.4 0.16  -189.5  7 5.5 -0.8 0.1 14.  x
B093-G155   0 42 23.17 41 21 43.5 0.39  -456.7 22 5.7 -1.2 0.1 14.  x
B094-G156   0 42 25.06 40 57 17.7 0.22  -564.1  6 6.0 -0.4 0.1 14.  x
B095-G157   0 42 25.80 41 05 36.3 0.46  -111.2 10 6.1 -1.4 0.1 14.  x
B096-G158   0 42 26.1  41 19 14.8 0.63  -313.4  8 6.1 -0.3 0.1 14.  x
B098        0 42 27.40 40 59 36.1 0.19  -308.6  9 5.7 -0.8 0.1  8.7
B097-G159   0 42 27.48 41 25 32.1 0.34  -272.1  8 5.7 -1.0 0.1 14.  x
B099-G161   0 42 27.59 41 10 02.7 0.16  -108.1 10 5.5 -1.3 0.1 14.  x
B515      i 0 42 28.05 41 33 24.5 0.13) -276.2  2 4.7          14.  x
B056D       0 42 28.36 41 34 27.2 0.13) -188.0 12 4.8               r
B350-G162   0 42 28.44 40 24 51.1 0.12  -423.9 12 5.5 -1.4 0.1 14.  x
B100-G163   0 42 28.96 40 49 56.0 0.15  -428.4  8 5.1 -0.9 0.1 14.  x
B101-G164   0 42 29.04 41 08 15.6 0.13  -352.0  9 5.4 -1.0 0.1 14.  x
B103-G165   0 42 29.75 41 17 57.5 0.34  -366.5  7 6.4 -0.5 0.1 13.3
B104-NB5    0 42 29.94 41 17 25.7 0.20    45.6 22 5.2 -1.4 0.2 14.  ex
B105-G166   0 42 30.75 41 30 27.3 0.16  -240.2  7 5.3 -1.0 0.1 14.  x,two objects
B106-G168   0 42 31.04 41 12 18.3 0.22   -62.6  7 5.7 -0.6 0.1 13.2
B108-G167   0 42 31.19 41 08 51.3 0.22  -548.0 11 5.4  0.0 0.2 10.4
B107-G169   0 42 31.27 41 19 38.9 0.22  -332.4  7 6.0 -1.0 0.1 14.  x
B109-G170   0 42 32.16 41 10 27.9 0.20  -612.1  8 5.7 -0.2 0.1  9.0
B110-G172   0 42 33.10 41 03 28.4 0.12  -239.4 10 6.1 -0.7 0.1  8.6
NB16        0 42 33.12 41 20 16.8 0.68   -95.1 36 5.5 -1.4 0.5 14.  x
B111-G173   0 42 33.17 41 00 26.5 0.15  -402.5 15 5.5 -1.3 0.1 14.  x
B260        0 42 33.19 41 31 24.8 1.00  -189.8 17 5.8 -0.6 0.3 14.  ex
B112-G174   0 42 33.26 41 17 42.4 0.13) -272.6 11 5.5  0.3 0.1 14.  x
B114-G175   0 42 34.30 41 12 44.9 0.19  -244.5 30 5.4 -2.2 0.4 14.  x
B117-G176   0 42 34.38 40 57 09.3 0.08  -527.8 20 5.3 -1.7 0.2 14.  x
B115-G177   0 42 34.41 41 14 02.0 0.18  -593.4 11 5.8  0.1 0.1 14.  ex
B116-G178   0 42 34.54 41 32 51.4 0.72  -339.3  7 6.2 -0.6 0.1 14.  x
B064D-NB6   0 42 35.54 41 14 34.3 0.14    21.5 15 5.6 -1.1 0.2 14.  x
B119-NB14   0 42 36.11 41 17 35.4 0.21  -370.4 15 5.3 -0.8 0.3 13.6 e
NB21-AU5  h 0 42 37.98 41 15 58.9 0.02  -632.4 30 4.7 -1.1 0.3 14.  ex
B351-G179   0 42 37.98 42 11 30.7 0.13  -325.1 22 5.1 -1.5 0.6 14.  x
B352-G180   0 42 38.19 42 02 13.1 0.17  -291.4 11 5.6 -1.5 0.2 14.  x
B068D       0 42 39.9  41 20 39.9 0.08  -202.2 12 4.6 -0.5 0.3  8.7
B122-G181   0 42 40.11 41 33 46.8 0.79  -436.2 11 5.9 -1.2 0.1 14.  x
B123-G182   0 42 40.66 41 10 33.4 0.20  -368.2 12 5.3 -0.7 0.2 13.0
B124-NB10   0 42 41.44 41 15 23.7 0.17   -25.5 10 6.3 -0.5 0.1 10.6
B125-G183   0 42 42.27 41 05 31.0 0.11  -656.8 12 5.5 -1.5 0.1 14.  x
DAO55       0 42 42.5  40 29 27.0 0.14  -447.9 28 4.7  0.3 0.5 14.  x
B126-G184   0 42 43.70 41 12 42.8 0.13  -188.4 16 5.3 -1.5 0.2 14.  x
B127-G185   0 42 44.50 41 14 41.5 0.20  -528.5  7 6.5 -0.7 0.1  9.5 e
SK054A      0 42 45.08 41 08 15.1 0.13) -627.9 11 4.8               r
B072D       0 42 45.79 41 27 27.0 0.16  -262.5 12 4.6 -0.9 0.2  8.6
BH16      i 0 42 46.10 41 17 36.2 0.13) -100.1  1 4.7          14.  x
NB18        0 42 46.34 41 18 32.4 0.00  -210.2 39 4.5          14.  wx
B354-G186   0 42 47.64 42 00 24.7 0.15  -172.6 17 5.1 -1.6 0.4 14.  x
B128-G187   0 42 47.81 41 11 13.8 0.24) -378.8 10 5.5 -0.6 0.1 13.7 e
B129        0 42 48.35 41 25 06.6 1.24   -42.9 11 6.7 -0.8 0.1  8.2
B130-G188   0 42 48.86 41 29 52.7 0.42   -22.6 10 5.8 -1.2 0.1 14.  x
B262      g 0 42 50.05 41 19 28.1 0.06  -378.4 21 5.0 -1.3 0.3 14.  x
BH18        0 42 50.73 41 10 33.4 0.21  -517.7 14 5.0  0.1 0.3 10.1
B131-G189   0 42 50.81 41 17 07.3 0.18  -467.5 10 6.1 -0.7 0.1 10.0
B132-NB15 f 0 42 51.44 41 15 40.7 0.30    36.2 18 5.3 -0.5 0.3 14.  ex
B134-G190   0 42 51.65 41 14 03.6 0.13  -374.7  8 5.5 -0.9 0.1 14.  x
B078D       0 42 51.91 41 22 05.2 0.49   -36.4 14 4.9 -0.4 0.3 14.  x
B135-G192   0 42 51.98 41 31 08.3 0.28  -375.0 13 6.0 -1.8 0.1 14.  x
B264-NB19   0 42 53.19 41 16 14.4 0.21   -49.0 39 5.2 -2.4 0.9 14.  x
B136-G194   0 42 53.64 41 19 34.4 0.12  -627.6 17 5.4 -1.2 0.2 14.  x
B137-G195   0 42 54.0  41 32 14.4 0.52  -220.5 10 5.6 -1.5 0.1 14.  x
B138        0 42 55.62 41 18 35.1 0.22  -347.2 10 5.5 -0.0 0.2  7.4
AU010       0 42 58.13 41 16 52.7 0.22  -307.3 12 5.3 -0.5 0.3  6.0
B140-G196   0 42 58.75 41 08 52.7 0.19  -474.7 11 5.1 -0.1 0.2  7.0
B087D       0 42 58.92 41 09 08.8 0.14  -661.4  9 5.2 -1.2 0.1 14.  x
B141-G197   0 42 59.29 41 32 47.5 0.32  -173.2 11 5.7 -1.4 0.1 14.  x
B088D     i 0 42 59.38 41 04 17.5 0.13) -347.1  2
B143-G198   0 42 59.66 41 19 19.3 0.34  -144.5  7 6.0 -0.1 0.1 12.4
B144        0 42 59.87 41 16 05.7 0.24    -6.4 11 5.6  0.1 0.2 11.7
B090D       0 43 01.23 41 16 10.4 0.13)   15.2 12 5.2 -0.3 0.2 12.4
B091D-D058  0 43 01.44 41 30 17.5 0.24  -122.8  6 6.1 -0.7 0.1 12.8
B145        0 43 01.59 41 12 26.9 0.14  -303.0 17 4.8 -1.2 0.3 14.  x
B092D       0 43 01.70 41 13 08.9 0.36  -321.0 11 4.9  0.4 0.5 14.  x
B265        0 43 01.92 40 53 01.8 0.16  -490.9  9 4.8 -0.8 0.2 13.7
B146        0 43 02.94 41 15 22.6 0.18   -14.6 11 5.4 -1.0 0.2 14.  x
B147-G199   0 43 03.30 41 21 21.5 0.13)  -85.3 11 5.9 -0.1 0.1 14.  x
B266        0 43 03.52 41 40 31.2 0.52  -160.6  8 5.3 -1.0 0.2 14.  x
B148-G200   0 43 03.87 41 18 04.8 0.28  -333.6  8 6.0 -1.1 0.1 14.  x
B149-G201   0 43 05.48 41 34 27.3 0.37   -58.0  8 5.7 -1.3 0.1 14.  x
B467-G202   0 43 06.45 42 01 49.1 0.09  -282.4 17 5.1 -1.4 0.2 14.  x
B268        0 43 07.19 41 11 47.8 0.29  -233.0 14 5.0 -0.2 0.3  7.6
B269        0 43 07.38 41 27 32.9 0.51  -320.3 10 5.1 -0.8 0.2  9.7 e
B150-G203   0 43 07.52 41 20 19.6 0.19  -138.4  7 5.6 -0.3 0.1 12.7
PHF6-1      0 43 08.02 41 18 18.3 0.13) -116.7 11 5.1 -0.2 0.2 14.  x
B151-G205   0 43 09.56 41 21 32.1 0.53  -340.4  9 6.8 -0.6 0.1 12.8
B152-G207   0 43 10.02 41 18 16.1 0.18  -136.1 12 5.8 -0.7 0.1 11.2
B356-G206   0 43 10.36 41 50 31.3 0.27  -186.2 16 5.6 -1.4 0.1 14.  x
B153        0 43 10.63 41 14 51.4 0.21  -248.9 10 5.8 -0.3 0.1 11.8
B154-G208   0 43 12.46 41 16 04.9 0.17  -209.0 11 5.5 -0.2 0.2 11.7
B155-G210   0 43 13.39 41 03 28.3 0.19  -416.9  7 5.1 -0.5 0.1 14.  x
B156-G211   0 43 13.73 41 01 17.9 0.09  -373.9  8 5.4 -1.2 0.1 14.  x
B157-G212   0 43 14.00 41 11 19.7 0.09)    4.0 40 5.1 -2.6 0.3 14.  x
B158-G213   0 43 14.41 41 07 21.2 0.16  -177.7 10 6.3 -0.8 0.1  9.1 e
B159        0 43 14.65 41 25 13.5 0.54  -513.3 14 5.7 -1.2 0.2 14.  x
B160-G214   0 43 14.93 41 01 35.6 0.09  -340.1 21 4.9 -2.8 0.4 14.  x
B161-G215   0 43 15.43 41 11 25.0 0.18  -442.7 12 5.7 -1.1 0.1 14.  x
SK063A      0 43 16.09 41 27 57.0 0.13) -266.5 10 4.8               r
B162-G216   0 43 16.41 41 24 04.5 0.21  -139.4  8 5.2 -0.5 0.1 14.  ex
B163-G217   0 43 17.64 41 27 45.0 0.21  -161.8  6 6.3 -0.1 0.1 13.5
B164-V253   0 43 18.14 41 12 29.3 0.23    50.9 15 5.2 -0.3 0.2 14.  x
B165-G218   0 43 18.22 41 10 54.7 0.15   -68.0 14 5.6 -2.0 0.2 14.  x
B167        0 43 21.13 41 14 08.3 0.18  -199.8  8 5.3 -0.4 0.1 11.7
B168        0 43 22.52 41 44 05.6 0.76  -117.1  7 5.6 -0.6 0.1 12.4
B169        0 43 23.00 41 15 25.4 0.44) -127.5 12 5.6  0.3 0.1 14.  x
B170-G221   0 43 23.47 40 50 41.8 0.21  -289.3  8 5.3 -0.7 0.1 14.  x
B272-V294   0 43 25.52 41 37 11.7 0.46  -116.9  9 5.3 -0.9 0.2 14.  x
B171-G222   0 43 25.61 41 15 37.2 0.19  -264.1 10 6.1 -0.3 0.1 12.9
B172-G223   0 43 26.00 41 21 31.6 0.17  -271.9 10 5.5 -0.6 0.1 10.7 e
B173-G224   0 43 28.76 41 22 37.0 0.11  -291.5  8 5.2 -0.8 0.1 10.3
B174-G226   0 43 30.31 41 38 56.2 0.28  -485.7 12 6.2 -1.0 0.1 14.  x
B176-G227   0 43 30.45 40 49 11.1 0.13  -538.8 13 5.4 -1.6 0.2 14.  x
B177-G228   0 43 30.49 41 05 42.4 0.18  -403.0  9 4.9 -1.2 0.1 14.  x
B178-G229   0 43 30.79 41 21 16.4 0.10  -151.4 14 6.1 -1.2 0.1 14.  x
B179-G230   0 43 31.10 41 18 14.7 0.10  -144.6 11 6.0 -1.0 0.1 14.  x
B180-G231   0 43 31.72 41 07 46.4 0.19  -195.2  5 5.7 -0.9 0.1 11.1
B181-G232   0 43 32.46 41 29 07.4 0.13  -256.5 10 5.4 -0.5 0.1 12.3
B182-G233   0 43 36.66 41 08 12.2 0.33  -350.6  8 6.2 -1.0 0.1 14.  x
B183-G234   0 43 36.94 41 02 02.4 0.19  -183.2  6 5.8 -0.5 0.1 14.  x
B185-G235   0 43 37.28 41 14 43.6 0.21  -152.9  7 6.0 -0.6 0.1 14.0
B184-G236   0 43 37.52 41 36 34.5 0.27  -154.0  7 5.3  0.1 0.1 14.  x
B186        0 43 38.23 41 36 24.1 0.25  -119.2 10 4.7  0.2 0.3 14.  ex, diffuse
B187-G237   0 43 38.64 41 29 47.1 0.36   -65.5 18 5.5 -1.6 0.3 14.  x
B188-G239   0 43 41.51 41 24 25.6 0.09  -211.6 14 5.3 -1.7 0.2 14.  x
B189-G240   0 43 42.42 41 35 23.3 0.24  -136.9 12 5.5  0.4 0.2 14.  x
B190-G241   0 43 43.39 41 34 06.0 0.25   -91.8 11 5.5 -1.2 0.1 14.  x
B194-G243   0 43 45.18 41 06 08.7 0.19  -400.0 12 5.3 -1.4 0.1 14.  ex
B193-G244   0 43 45.52 41 36 57.6 0.23   -60.8  6 6.2 -0.1 0.1 12.9
SK072A      0 43 46.69 41 22 28.2 0.13) -137.2  5 5.1               r
B103D-G245  0 43 47.54 41 27 08.0 0.18  -170.9  8 5.1 -0.8 0.1 10.9
B472-D064   0 43 48.42 41 26 53.2 0.12  -117.5 13 6.1 -1.0 0.1 14.  x
SK073A      0 43 48.52 41 07 48.4 0.13) -443.4  7 4.9               r
B196-G246   0 43 48.57 40 42 36.8 0.23  -312.8  7 5.3 -1.1 0.1 14.  x
B197-G247   0 43 49.72 41 30 10.1 0.30   -60.0  8 5.3 -0.3 0.1 14.0 e
B199-G248   0 43 49.83 40 58 14.8 0.13  -367.1  8 5.2 -1.5 0.1 14.  x
B198-G249   0 43 50.11 41 31 52.6 0.22    -2.3  8 5.1 -1.0 0.2 14.  ex
B200        0 43 50.44 41 29 22.9 0.34  -361.3 34 5.1 -1.4 0.3 14.  x
B201-G250   0 43 52.83 41 09 58.1 0.12  -700.1  5 5.7 -1.1 0.1 14.  x
B202-G251   0 43 54.69 41 00 32.5 0.20  -342.6  7 5.1 -1.2 0.1 14.  x
B203-G252   0 43 55.83 41 32 35.1 0.17  -229.2  8 5.5 -0.8 0.1 14.  x
B204-G254   0 43 56.42 41 22 02.9 0.13  -356.8  9 5.9 -0.7 0.1 12.1
B361-G255   0 43 57.10 40 14 01.2 0.12  -341.5 10 5.3 -1.4 0.2 14.  x
B205-G256   0 43 58.17 41 24 38.3 0.12  -369.8 11 6.0 -0.9 0.1  7.7
B206-G257   0 43 58.63 41 30 18.1 0.10  -190.0 12 6.1 -1.1 0.1 14.  x
B110D-V296  0 43 59.14 41 36 41.3 0.28  -251.5 12 4.9 -1.4 0.2 14.  x
B207-G258   0 43 59.44 41 06 10.7 0.08  -161.2 12 5.2 -1.3 0.1 14.  x
B208-G259   0 44 00.08 41 23 11.6 0.21  -253.5 10 5.0 -0.4 0.2 10.5
M009        0 44 00.83 41 17 12.5 0.12  -349.2 20 5.0 -1.8 0.3 14.  ex
B209-G261   0 44 02.63 41 25 26.7 0.13  -461.0 13 5.5 -1.0 0.1 14.  x
B211-G262   0 44 02.92 41 20 04.8 0.14  -140.2 16 5.5 -1.4 0.1 14.  x
B212-G263   0 44 03.05 41 04 56.4 0.16  -401.3 11 6.0 -1.7 0.1 14.  x
B213-G264   0 44 03.52 41 30 38.7 0.17  -566.9 10 5.5 -0.8 0.1 14.  x
B214-G265   0 44 03.96 41 26 18.6 0.15  -274.7 15 5.1 -1.3 0.1 14.  x
B215-G266   0 44 06.40 41 31 43.7 0.14  -150.8  7 5.3 -0.6 0.1 14.  x
B217-G269   0 44 10.60 41 23 51.2 0.13   -15.1 12 5.6 -0.8 0.1 13.9
M019        0 44 11.71 41 23 54.0 0.12  -260.6 16 4.8 -1.4 0.2 14.  x
B218-G272   0 44 14.33 41 19 19.4 0.17  -220.2  6 6.3 -0.8 0.1  8.7
B219-G271   0 44 15.04 40 56 47.3 0.17  -503.0  6 5.7 -0.6 0.1 14.  x
B363-G274   0 44 17.25 40 33 35.1 0.13  -374.7 18 5.0 -2.1 0.2 14.  x
B220-G275   0 44 19.44 41 30 35.0 0.13  -275.4 12 5.6 -1.5 0.2 14.  x
B221-G276   0 44 23.07 41 33 06.4 0.26  -457.0 10 5.6 -1.1 0.1 14.  x
B224-G279   0 44 27.10 41 28 50.0 0.15  -139.2 21 6.1 -1.5 0.1 14.  x
B279-D068   0 44 27.99 41 44 10.3 0.29  -114.6  9 4.9  0.0 0.2 14.  x
B225-G280   0 44 29.55 41 21 35.8 0.12  -158.6 10 6.5 -0.5 0.1 10.7
B228-G281   0 44 33.21 41 41 27.8 0.24  -437.8 10 5.6 -0.7 0.1 14.  x
B229-G282   0 44 33.83 41 38 28.5 0.11   -39.2 27 5.3 -2.1 0.2 14.  x
B230-G283   0 44 35.18 40 57 12.2 0.12  -575.0 13 5.7 -1.9 0.1 14.  x
B365-G284   0 44 36.46 42 17 20.9 0.19   -60.7 12 5.5 -1.4 0.1 14.  x
B231-G285   0 44 38.59 41 27 47.0 0.15  -305.7  8 5.3 -1.0 0.1 14.  x
B232-G286   0 44 40.23 41 15 00.7 0.21  -192.5 11 6.0 -1.9 0.1 14.  x
B233-G287   0 44 42.12 41 43 54.6 0.17   -72.0 11 5.9 -1.1 0.1 14.  x
B234-G290   0 44 46.38 41 29 17.8 0.23  -202.2 10 5.6 -0.8 0.1 14.  ex
B366-G291   0 44 46.72 42 03 50.5 0.11  -135.7 15 5.5 -2.0 0.2 14.  x
B283-G296   0 44 55.37 41 17 00.2 0.19   -89.9 10 5.0 -0.8 0.2 14.  x
B235-G297   0 44 57.93 41 29 24.0 0.14   -90.7 11 5.6 -0.9 0.1 10.6
B236-G298   0 45 08.90 40 50 28.6 0.10  -393.1 14 5.2 -1.5 0.2 14.  x
B237-G299   0 45 09.22 41 22 34.6 0.18   -99.0 15 5.3 -1.8 0.2 14.  x
B370-G300   0 45 14.39 41 57 40.8 0.27  -352.7 14 5.8 -1.6 0.1 14.  x
B238-G301   0 45 14.67 41 19 37.1 0.16   -44.2  5 5.6 -0.7 0.1 14.  x
B239-M74    0 45 15.6  41 35 17.2 0.12) -245.9 11 5.3 -0.9 0.1  7.6
B240-G302   0 45 25.04 41 06 22.1 0.13   -50.4  7 6.1 -1.5 0.1 14.  x
B287        0 45 28.49 41 30 04.8 0.07  -281.4 34 4.9 -1.4 0.3 14.  x,not old?
B372-G304   0 45 33.39 42 00 24.4 0.13  -226.9  8 5.5 -1.1 0.1 14.  x
B373-G305   0 45 41.85 41 45 33.6 0.25  -216.2  7 6.0 -0.5 0.1 13.7
V129-BA4    0 45 44.69 41 51 59.4 0.18  -640.3 14 5.4 -1.4 0.1 14.  ex
B375-G307   0 45 45.58 41 39 42.4 0.21  -199.0  7 5.3 -0.9 0.1 11.8
B377-G308   0 45 48.28 40 38 04.2 0.09  -216.6 10 5.3 -1.5 0.1 14.  x
B378-G311   0 45 57.24 41 53 31.1 0.13  -247.5 15 5.1 -1.6 0.2 14.  x
B379-G312   0 45 58.83 40 42 31.3 0.16  -333.2  6 5.8 -0.4 0.1 10.5
B381-G315   0 46 06.54 41 20 58.8 0.24   -78.2 12 6.0 -1.1 0.1 14.  x
B486-G316   0 46 08.62 40 58 03.6 0.14  -219.7 15 5.2 -1.4 0.2 14.  x
B382-G317   0 46 10.32 41 37 40.5 0.18  -295.4 11 5.3 -1.9 0.2 14.  x
B383-G318   0 46 11.94 41 19 41.4 0.20  -227.6  6 6.1 -0.6 0.1 13.6
B384-G319   0 46 21.93 40 16 59.6 0.10  -358.4  7 5.8 -0.7 0.1 13.5
B386-G322   0 46 27.00 42 01 52.8 0.18  -391.8 11 6.0 -1.1 0.1 14.  x
B387-G323   0 46 33.51 40 44 13.4 0.08    12.1 14 5.3 -2.2 0.2 14.  x
B391-G328   0 46 58.10 41 33 56.5 0.24  -324.2 10 5.4 -1.2 0.2 14.  x
B393-G330   0 47 01.20 41 24 06.3 0.17  -371.6 14 5.4 -0.9 0.2 14.  x
B396-G335   0 47 25.15 40 21 42.1 0.08  -612.4 28 5.2 -2.0 0.3 14.  x
B397-G336   0 47 27.23 41 12 10.4 0.22  -118.8 14 5.7 -1.2 0.1 14.  x
B398-G341   0 47 57.78 41 48 45.6 0.25  -242.7 13 5.3 -0.4 0.2 14.  x
B399-G342   0 47 59.55 41 35 28.3 0.17  -427.8 27 5.3 -1.7 0.5 14.  x
B401-G344   0 48 08.50 41 40 41.9 0.18  -326.1 21 5.5 -1.9 0.3 14.  x
B337D       0 49 11.20 41 07 21.0 0.12  -222.1 23 4.9 -1.7 0.6 14.  x
B403-G348   0 49 17.62 41 35 08.1 0.26  -258.5 11 5.8 -0.9 0.1 14.  x
B405-G351   0 49 39.80 41 35 29.7 0.18  -171.2 15 6.2 -1.2 0.1 14.  x
